2021-11-28 15:31:12,581 __main__ INFO:Iris dataset selected.
2021-11-28 15:31:13,070 __main__ INFO:K Neighbors Classification Score: 0.819047619047619
2021-11-28 15:31:13,071 __main__ INFO:K Neighbors Training Score: 0.9111111111111111
2021-11-28 15:31:13,358 __main__ INFO:Creating persistence diagrams for the first time for this dataset.
2021-11-28 15:31:14,429 __main__ INFO:Distance Matrix for PDs: 
 [[0.         0.04335675 0.04335675]
 [0.04335675 0.         0.04331252]
 [0.04335675 0.04331252 0.        ]]
2021-11-28 15:31:14,429 __main__ INFO:Getting persistence images.

2021-11-28 15:31:29,515 __main__ INFO:NIST Digits dataset selected.
2021-11-28 15:31:30,043 __main__ INFO:K Neighbors Classification Score: 0.7599364069952306
2021-11-28 15:31:30,043 __main__ INFO:K Neighbors Training Score: 0.8256029684601113
2021-11-28 15:31:30,428 __main__ INFO:Creating persistence diagrams for the first time for this dataset.
2021-11-28 15:31:55,712 __main__ INFO:Distance Matrix for PDs: 
 [[0.         2.88499641 2.37511349 2.20794487 2.29024506 2.56941795
  1.04685307 2.2283659  2.11571217 2.89087582]
 [2.88499641 0.         1.49946594 2.20794487 2.41450882 2.05842018
  3.28067207 2.2283659  2.21272278 2.85665131]
 [2.37511349 1.49946594 0.         1.96772575 1.28247643 1.31183243
  2.37511349 2.051754   1.63410664 2.89087582]
 [2.20794487 2.20794487 1.96772575 0.         1.93326378 1.76156235
  2.20794487 1.30922413 1.51179504 2.89087582]
 [2.29024506 2.41450882 1.28247643 1.93326378 0.         1.7188797
  2.31613636 2.08893967 1.94963837 2.89087582]
 [2.56941795 2.05842018 1.31183243 1.76156235 1.7188797  0.
  2.96010113 1.51841927 1.66000748 2.89087582]
 [1.04685307 3.28067207 2.37511349 2.20794487 2.31613636 2.96010113
  0.         2.2283659  2.11571217 2.89087582]
 [2.2283659  2.2283659  2.051754   1.30922413 2.08893967 1.51841927
  2.2283659  0.         1.27617073 2.89087582]
 [2.11571217 2.21272278 1.63410664 1.51179504 1.94963837 1.66000748
  2.11571217 1.27617073 0.         2.89087582]
 [2.89087582 2.85665131 2.89087582 2.89087582 2.89087582 2.89087582
  2.89087582 2.89087582 2.89087582 0.        ]]
2021-11-28 15:31:55,712 __main__ INFO:Getting persistence images.

2021-11-28 15:32:03,547 __main__ INFO:Breast Cancer dataset selected.
2021-11-28 15:32:03,914 __main__ INFO:K Neighbors Classification Score: 0.9147869674185464
2021-11-28 15:32:03,914 __main__ INFO:K Neighbors Training Score: 0.9411764705882353
2021-11-28 15:32:04,209 __main__ INFO:Creating persistence diagrams for the first time for this dataset.
2021-11-28 15:32:05,541 __main__ INFO:Distance Matrix for PDs: 
 [[ 0.         25.95355225]
 [25.95355225  0.        ]]
2021-11-28 15:32:05,541 __main__ INFO:Getting persistence images.
